[{"id": 0, "img_name": "000001", "width": 4608, "height": 3456, "position": [0.4513893312253125, -0.008314291261991479, 0.6885887602811412], "rotation": [[-0.9998745394056557, 0.01577093088931132, -0.0014775612378952424], [0.01010195333483883, 0.7067380809469473, 0.7074031633221941], [0.01220065519338613, 0.7072994858462084, -0.7068087303751567]], "fy": 2977.529052734375, "fx": 2977.529052734375}, {"id": 1, "img_name": "000002", "width": 4608, "height": 3456, "position": [0.4525826593048608, -0.007394886215715533, 0.6627225314620164], "rotation": [[-0.9999075485634755, 0.013450046182481606, 0.0019976444802686814], [0.010918124143858158, 0.7065930847897276, 0.7075358698274711], [0.00810486834931551, 0.707492267650344, -0.7066746085179614]], "fy": 2977.529052734375, "fx": 2977.529052734375}, {"id": 2, "img_name": "000003", "width": 4608, "height": 3456, "position": [0.45344938245640803, -0.007551987092286655, 0.6378415691318602], "rotation": [[-0.9999069455728545, 0.013371666761577692, 0.0027016149210609105], [0.011348486541222683, 0.7054348268403501, 0.7086839330293505], [0.007570472137724872, 0.7086486460925066, -0.7055209311869275]], "fy": 2977.529052734375, "fx": 2977.529052734375}, {"id": 3, "img_name": "000004", "width": 4608, "height": 3456, "position": [0.4536304837059139, -0.007479891936286392, 0.6126072643625922], "rotation": [[-0.9998706205119156, 0.0151720097875957, 0.005343440476089407], [0.014482131202588113, 0.7045106656827501, 0.7095456220815397], [0.007000722316120922, 0.7095312058382303, -0.704639239489825]], "fy": 2977.529052734375, "fx": 2977.529052734375}, {"id": 4, "img_name": "000005", "width": 4608, "height": 3456, "position": [0.45423878663492706, -0.007147368956633136, 0.5882237227436097], "rotation": [[-0.9997920553515286, 0.015639193489649383, 0.013086698703620328], [0.020302131996368447, 0.7030827102584136, 0.7108182088073476], [0.0019155919106274455, 0.7109360858492675, -0.7032540169419258]], "fy": 2977.529052734375, "fx": 2977.529052734375}, {"id": 5, "img_name": "000006", "width": 4608, "height": 3456, "position": [0.4542897684710641, -0.007060503307576695, 0.5635967233718664], "rotation": [[-0.9997254119129213, 0.01425622951228359, 0.018597330336158256], [0.02324582070218299, 0.7034476740029865, 0.7103668078955194], [-0.0029550965163689085, 0.7106040598391491, -0.7035859134069536]], "fy": 2977.529052734375, "fx": 2977.529052734375}, {"id": 6, "img_name": "000007", "width": 4608, "height": 3456, "position": [0.45436166281754176, -0.006905762335469239, 0.5389533245108641], "rotation": [[-0.9997318681938642, 0.011950255407627302, 0.019833888002584347], [0.02250259648838825, 0.7033991483800359, 0.7104387877991466], [-0.005461214964397941, 0.7106946105423431, -0.7034794564713174]], "fy": 2977.529052734375, "fx": 2977.529052734375}, {"id": 7, "img_name": "000008", "width": 4608, "height": 3456, "position": [0.45520210031663955, -0.0072542925848932075, 0.5141921633110619], "rotation": [[-0.9997460357895988, 0.013148949754435325, 0.018302159526607784], [0.022264446393257965, 0.7019542087401169, 0.7118739939475514], [-0.003486882530829792, 0.7121006908804344, -0.7020686915806914]], "fy": 2977.529052734375, "fx": 2977.529052734375}, {"id": 8, "img_name": "000009", "width": 4608, "height": 3456, "position": [0.4555227548942201, -0.007237478375659799, 0.4902927096443301], "rotation": [[-0.9997029243619211, 0.013242469949840983, 0.020462160488327257], [0.023863811221463752, 0.7025733439404247, 0.7112110902526451], [-0.004957977027865392, 0.7114881118992766, -0.7026806423189651]], "fy": 2977.529052734375, "fx": 2977.529052734375}, {"id": 9, "img_name": "000010", "width": 4608, "height": 3456, "position": [0.4556329449566254, -0.0069109024262435665, 0.4660807574656422], "rotation": [[-0.9996250372384305, 0.012064262268404109, 0.024581263230046113], [0.025962534298072076, 0.7028913310844928, 0.7108232716358485], [-0.008702398456005466, 0.7111949312686284, -0.7029409918328304]], "fy": 2977.529052734375, "fx": 2977.529052734375}, {"id": 10, "img_name": "000011", "width": 4608, "height": 3456, "position": [0.4561244919986585, -0.006614651413051329, 0.4415339601772891], "rotation": [[-0.9995659729033748, 0.008090773414348884, 0.028326757655735897], [0.025824900208395604, 0.7033278865408246, 0.7103963390553497], [-0.014175342780883086, 0.7108195434845431, -0.7032315665962879]], "fy": 2977.529052734375, "fx": 2977.529052734375}, {"id": 11, "img_name": "000012", "width": 4608, "height": 3456, "position": [0.4573118251919322, -0.006736403512849531, 0.41631690766345375], "rotation": [[-0.9997619162715361, 0.010309067051805409, 0.019231066262386905], [0.020921509852146268, 0.7032025642537979, 0.710681675613203], [-0.006196870062659152, 0.7109148168123975, -0.7032508244133254]], "fy": 2977.529052734375, "fx": 2977.529052734375}, {"id": 12, "img_name": "000013", "width": 4608, "height": 3456, "position": [0.45796124302032987, -0.006619799468805947, 0.3916078639125559], "rotation": [[-0.999878243473474, 0.012769000825796878, 0.008969439576159281], [0.015355054137622365, 0.702766780388846, 0.7112545779777634], [0.0027785861207200563, 0.7113057043211494, -0.7028772826456714]], "fy": 2977.529052734375, "fx": 2977.529052734375}, {"id": 13, "img_name": "000014", "width": 4608, "height": 3456, "position": [0.45837235942315324, -0.0064466304131161715, 0.3665195818831034], "rotation": [[-0.9998756327416002, 0.01563859243284887, 0.002038007925256175], [0.012438737015512348, 0.7025648229378489, 0.7115110311103885], [0.009695198349857909, 0.7114478926787459, -0.7026719712155368]], "fy": 2977.529052734375, "fx": 2977.529052734375}, {"id": 14, "img_name": "000015", "width": 4608, "height": 3456, "position": [0.4585548946521673, -0.006400667027794717, 0.34113529783153446], "rotation": [[-0.9998055734394901, 0.01925731262991907, -0.004239248707611302], [0.010516886386133, 0.7026388233533954, 0.7114689585760554], [0.01667964088560039, 0.7112860464165095, -0.7027047386727213]], "fy": 2977.529052734375, "fx": 2977.529052734375}, {"id": 15, "img_name": "000016", "width": 4608, "height": 3456, "position": [0.4591317134221829, -0.006332731783993669, 0.3165465041092165], "rotation": [[-0.9996862360268797, 0.022144145062065645, -0.011707533381531889], [0.007237571282860272, 0.7028165219290538, 0.7113343475929397], [0.02398013887230437, 0.7110264223944267, -0.7027562732531436]], "fy": 2977.529052734375, "fx": 2977.529052734375}, {"id": 16, "img_name": "000017", "width": 4608, "height": 3456, "position": [0.45835965672894907, -0.006035661416244413, 0.2913174272435628], "rotation": [[-0.9998047158114339, 0.01925618879555415, 0.004441782782488634], [0.01670522960045778, 0.7034567073716654, 0.710541762430479], [0.010557724433457443, 0.7104772058601776, -0.7036410124544342]], "fy": 2977.529052734375, "fx": 2977.529052734375}, {"id": 17, "img_name": "000018", "width": 4608, "height": 3456, "position": [0.4581131123486172, -0.0055636248643410125, 0.2660788110944204], "rotation": [[-0.9997825020795815, 0.019277457732946188, 0.007957899147744607], [0.019208672643988418, 0.7025557463348964, 0.7113694189287818], [0.008122526130908525, 0.7113675582391784, -0.7027732362960911]], "fy": 2977.529052734375, "fx": 2977.529052734375}, {"id": 18, "img_name": "000019", "width": 4608, "height": 3456, "position": [0.4581976319487694, -0.005474632508481525, 0.24057019792708567], "rotation": [[-0.9997933640685074, 0.01571413509096569, 0.012895546631262612], [0.0202175892435587, 0.7026292178443464, 0.7112688881967357], [0.0021161875519250593, 0.7113826313523438, -0.7028017313300101]], "fy": 2977.529052734375, "fx": 2977.529052734375}, {"id": 19, "img_name": "000020", "width": 4608, "height": 3456, "position": [0.45835153614700624, -0.005506428071960866, 0.21561983830430229], "rotation": [[-0.9997856832313553, 0.014880364411837464, 0.014393135884241586], [0.02069719293493419, 0.702914485974218, 0.7109731722169373], [0.0004623961779993146, 0.7111186962544099, -0.7030718213861242]], "fy": 2977.529052734375, "fx": 2977.529052734375}, {"id": 20, "img_name": "000021", "width": 4608, "height": 3456, "position": [0.4579174765308574, -0.005192478985356844, 0.19110993023341397], "rotation": [[-0.9997269235323845, 0.013532131639914785, 0.019051503293815816], [0.02305418048936313, 0.7043689181928292, 0.7094596055067741], [-0.003818785990092497, 0.7097050855793156, -0.7044885438219832]], "fy": 2977.529052734375, "fx": 2977.529052734375}, {"id": 21, "img_name": "000022", "width": 4608, "height": 3456, "position": [0.45779364547205803, -0.00495547134220705, 0.16621567366043993], "rotation": [[-0.999717962620191, 0.013736658390711004, 0.019372646458088477], [0.02342520413345086, 0.7045420413906813, 0.7092755259589586], [-0.0039057682777315908, 0.7095292919459407, -0.7046651182262762]], "fy": 2977.529052734375, "fx": 2977.529052734375}, {"id": 22, "img_name": "000023", "width": 4608, "height": 3456, "position": [0.457406104873453, -0.004899698058316085, 0.14145502989500236], "rotation": [[-0.9996878101195651, 0.013722026145643018, 0.02088033277526483], [0.02447987373245353, 0.7052066177260214, 0.7085791149176416], [-0.0050018077122818555, 0.7088690515983072, -0.7053223728237503]], "fy": 2977.529052734375, "fx": 2977.529052734375}, {"id": 23, "img_name": "000024", "width": 4608, "height": 3456, "position": [0.45718531418245656, -0.005012298300862103, 0.11734501013598493], "rotation": [[-0.9996146405675912, 0.011746514391509212, 0.025151337192586432], [0.02610899561270374, 0.7055851673992273, 0.7081439768114252], [-0.009428187048469601, 0.7085277630028725, -0.7056199531923145]], "fy": 2977.529052734375, "fx": 2977.529052734375}, {"id": 24, "img_name": "000025", "width": 4608, "height": 3456, "position": [0.45738362743937266, -0.0047098013064805185, 0.09284767945675435], "rotation": [[-0.9995593883486802, 0.01222889966468181, 0.027045945666632612], [0.027785040609206307, 0.7060214785443565, 0.7076451535567706], [-0.010441296967142228, 0.7080848295557757, -0.7060501777286168]], "fy": 2977.529052734375, "fx": 2977.529052734375}, {"id": 25, "img_name": "000026", "width": 4608, "height": 3456, "position": [0.45799564851860813, -0.004568030699458406, 0.06798008461048051], "rotation": [[-0.9996241961297968, 0.011953184562192902, 0.02466957418925814], [0.02590811040950786, 0.7060129587632161, 0.7077248560517132], [-0.00895747324114937, 0.7080980323636208, -0.7060573207862818]], "fy": 2977.529052734375, "fx": 2977.529052734375}, {"id": 26, "img_name": "000027", "width": 4608, "height": 3456, "position": [0.45806262772515804, -0.004389915326465305, 0.04284714514492517], "rotation": [[-0.9995762011727963, 0.01188626424534748, 0.026573196481632706], [0.02721019799976592, 0.7059037533087702, 0.7077849222676367], [-0.010345200518850064, 0.708208025785419, -0.7059280197295927]], "fy": 2977.529052734375, "fx": 2977.529052734375}, {"id": 27, "img_name": "000028", "width": 4608, "height": 3456, "position": [0.45834952311816063, -0.004233622194849239, 0.017943246157775067], "rotation": [[-0.9996134715502283, 0.00922313354392096, 0.026226728788228015], [0.02508218281144965, 0.7060868671173641, 0.7076808745400702], [-0.011991313552454768, 0.708065159354714, -0.7060452807768561]], "fy": 2977.529052734375, "fx": 2977.529052734375}, {"id": 28, "img_name": "000029", "width": 4608, "height": 3456, "position": [0.45922355800633774, -0.003995594854314214, -0.006665327698121398], "rotation": [[-0.9996958004855478, 0.01209020630962808, 0.021497288269669648], [0.02375132691751247, 0.706816227665751, 0.7069983697138309], [-0.0066468760494001414, 0.7072938902745788, -0.7068883729550482]], "fy": 2977.529052734375, "fx": 2977.529052734375}, {"id": 29, "img_name": "000030", "width": 4608, "height": 3456, "position": [0.46003151031988626, -0.0038913651080980057, -0.031596207375719096], "rotation": [[-0.9997291254631213, 0.013746950777744961, 0.01878023016513264], [0.023001665912379735, 0.7066550160471946, 0.7071842840876728], [-0.003549516304563833, 0.7074247024522493, -0.7067798039660934]], "fy": 2977.529052734375, "fx": 2977.529052734375}, {"id": 30, "img_name": "000031", "width": 4608, "height": 3456, "position": [0.46005950019118275, -0.0041903097254332505, -0.056446792726039065], "rotation": [[-0.9997516631366241, 0.014130265571420171, 0.01723216905773714], [0.022177707444314066, 0.7065888688082369, 0.7072766925106544], [-0.0021820513439676052, 0.707483219639291, -0.706726773640814]], "fy": 2977.529052734375, "fx": 2977.529052734375}, {"id": 31, "img_name": "000032", "width": 4608, "height": 3456, "position": [0.46068682275239964, -0.004382772411871067, -0.08199929578755616], "rotation": [[-0.9998146185130865, 0.012194521628019704, 0.014900411061268102], [0.01916062473411411, 0.706390637008594, 0.7075628158731854], [-0.0018971207999109929, 0.7077171480110231, -0.7064933399146902]], "fy": 2977.529052734375, "fx": 2977.529052734375}, {"id": 32, "img_name": "000033", "width": 4608, "height": 3456, "position": [0.4610137181735515, -0.003668879139692364, -0.10700786226952157], "rotation": [[-0.9997955720608639, 0.013072720039465581, 0.0154245932931451], [0.02015211159972161, 0.70634716862877, 0.7075786668407916], [-0.0016451399823553888, 0.7077448561175766, -0.7064662144459198]], "fy": 2977.529052734375, "fx": 2977.529052734375}, {"id": 33, "img_name": "000034", "width": 4608, "height": 3456, "position": [0.46090254890044535, -0.0035636292187479386, -0.13291809965271556], "rotation": [[-0.9997936074077246, 0.012838483384427035, 0.01574534632949909], [0.020213770689520273, 0.7063024035425001, 0.7076215925369989], [-0.002036187898886238, 0.7077938175022968, -0.7064161421176366]], "fy": 2977.529052734375, "fx": 2977.529052734375}, {"id": 34, "img_name": "000035", "width": 4608, "height": 3456, "position": [0.46152228306134174, -0.003772464866667931, -0.1588255527106578], "rotation": [[-0.9997892001258841, 0.014552169244128327, 0.014484118265708458], [0.020531605929641934, 0.7054434714894556, 0.7084687443288205], [9.203040082285352e-05, 0.708616781415171, -0.7055935434988116]], "fy": 2977.529052734375, "fx": 2977.529052734375}, {"id": 35, "img_name": "000036", "width": 4608, "height": 3456, "position": [0.4622832714408355, -0.003657647180826977, -0.18469433846392555], "rotation": [[-0.9997712015571345, 0.013286047903433832, 0.016763814247083897], [0.021253314365515082, 0.7055566182877825, 0.7083347760902247], [-0.00241685032297435, 0.7085289968105865, -0.7056775605849321]], "fy": 2977.529052734375, "fx": 2977.529052734375}, {"id": 36, "img_name": "000037", "width": 4608, "height": 3456, "position": [0.46231264719022475, -0.0035516570423368486, -0.21003264508461414], "rotation": [[-0.9997554483937697, 0.01217825572578986, 0.018458967859783796], [0.021669843695094546, 0.7060068404133638, 0.7078734061707426], [-0.004411494214144612, 0.7081002975405505, -0.7060980862045879]], "fy": 2977.529052734375, "fx": 2977.529052734375}, {"id": 37, "img_name": "000038", "width": 4608, "height": 3456, "position": [0.4629688470232237, -0.003956904088799426, -0.2349519091659713], "rotation": [[-0.9997995138918713, 0.014172826203545982, 0.014144363505706905], [0.020023281828268503, 0.7071682341932505, 0.706761739720555], [1.4366740256982356e-05, 0.7069032603867408, -0.7073102432795614]], "fy": 2977.529052734375, "fx": 2977.529052734375}, {"id": 38, "img_name": "000039", "width": 4608, "height": 3456, "position": [0.4635310825294461, -0.00413290665894612, -0.2605843041084243], "rotation": [[-0.9998069977989772, 0.015921287364343888, 0.01150998526748837], [0.0193972498377465, 0.7070455406319559, 0.7069019381577597], [0.0031167051397041528, 0.7069887665876504, -0.7072179084751352]], "fy": 2977.529052734375, "fx": 2977.529052734375}, {"id": 39, "img_name": "000040", "width": 4608, "height": 3456, "position": [0.46326671444752143, -0.004070486415103985, -0.28595832710187086], "rotation": [[-0.9997566954912546, 0.014409978210574166, 0.01670036970781963], [0.02199812232283686, 0.7070423309551412, 0.7068289926508322], [-0.001622477943328855, 0.7070243947456774, -0.7071872968314916]], "fy": 2977.529052734375, "fx": 2977.529052734375}, {"id": 40, "img_name": "000041", "width": 4608, "height": 3456, "position": [0.46223191363047034, -0.004118370722394304, -0.31138276024478384], "rotation": [[-0.9996242927017125, 0.014013922265940584, 0.023555963646712984], [0.026570439521293017, 0.7064462552411397, 0.7072677712149875], [-0.006729426739804945, 0.7076279378589395, -0.7065531943012208]], "fy": 2977.529052734375, "fx": 2977.529052734375}, {"id": 41, "img_name": "000042", "width": 4608, "height": 3456, "position": [0.4628454285089334, -0.004167300410376418, -0.3366095777108808], "rotation": [[-0.9996358002673881, 0.012705917408197044, 0.023808118081729175], [0.02582882535211928, 0.7060844520545917, 0.7076564267691609], [-0.007819117898279987, 0.7080136342116464, -0.7061554752076266]], "fy": 2977.529052734375, "fx": 2977.529052734375}, {"id": 42, "img_name": "000043", "width": 4608, "height": 3456, "position": [0.4627979860882672, -0.004201515077628435, -0.36173498236763046], "rotation": [[-0.9996855074671912, 0.015262351998203022, 0.01989841128197568], [0.024871057303818805, 0.7050310929975669, 0.7087401416705886], [-0.0032119571376136137, 0.7090121427155806, -0.7051889568145595]], "fy": 2977.529052734375, "fx": 2977.529052734375}, {"id": 43, "img_name": "000044", "width": 4608, "height": 3456, "position": [0.4629597549805727, -0.004154520610010536, -0.38673071317231367], "rotation": [[-0.9997153421460032, 0.014795394262368023, 0.018717130830349777], [0.023704814256997886, 0.7048940148603356, 0.7089164334356469], [-0.00270489536591927, 0.7091583209147996, -0.7050440833156187]], "fy": 2977.529052734375, "fx": 2977.529052734375}, {"id": 44, "img_name": "000045", "width": 4608, "height": 3456, "position": [0.46326475930248523, -0.004047437725019596, -0.4107275178521551], "rotation": [[-0.9997494442908352, 0.013715797895846427, 0.017689701191572205], [0.02221667392934873, 0.7044924225991068, 0.7093636908525547], [-0.002732771429119605, 0.7095789620532177, -0.7046206274100941]], "fy": 2977.529052734375, "fx": 2977.529052734375}, {"id": 45, "img_name": "000046", "width": 4608, "height": 3456, "position": [0.46295759089741, -0.004114450350853173, -0.4354543059123008], "rotation": [[-0.9997523241663918, 0.0168519805104115, 0.014536198842016707], [0.022189908643999896, 0.7048479831767029, 0.7090112330323867], [0.0017024330438735393, 0.7091581850085431, -0.7050473532728991]], "fy": 2977.529052734375, "fx": 2977.529052734375}, {"id": 46, "img_name": "000047", "width": 4608, "height": 3456, "position": [0.4627798138330076, -0.0040820261334775084, -0.4607434806658088], "rotation": [[-0.9997419752106018, 0.018002438048017225, 0.013852625250526504], [0.022518658258539062, 0.7054030354685799, 0.7084486343990993], [0.002982118750042116, 0.7085777796234093, -0.7056264147491361]], "fy": 2977.529052734375, "fx": 2977.529052734375}, {"id": 47, "img_name": "000048", "width": 4608, "height": 3456, "position": [0.46255063843436184, -0.004269065512247993, -0.48509301304008834], "rotation": [[-0.9997630345813822, 0.017807990166478497, 0.012519990848895013], [0.021436922702417035, 0.7053734670392338, 0.7085116303506257], [0.003785898793735046, 0.7086121276716068, -0.7055880664290191]], "fy": 2977.529052734375, "fx": 2977.529052734375}, {"id": 48, "img_name": "000049", "width": 4608, "height": 3456, "position": [0.4627934788237234, -0.003931520642548073, -0.5101187124178428], "rotation": [[-0.9997882135641174, 0.01678084607800971, 0.01191348912688193], [0.02028553187664234, 0.7060298461956165, 0.7078914842526898], [0.003467739141272605, 0.7079832339016938, -0.7062207270388965]], "fy": 2977.529052734375, "fx": 2977.529052734375}, {"id": 49, "img_name": "000050", "width": 4608, "height": 3456, "position": [0.4633636850746467, -0.003960518940237278, -0.5350103306580565], "rotation": [[-0.9998041898508786, 0.017214948805990303, 0.009758457574548959], [0.01907369393970984, 0.7070251303318527, 0.7069311559683309], [0.00527030892087104, 0.7069788615063632, -0.707215040300363]], "fy": 2977.529052734375, "fx": 2977.529052734375}, {"id": 50, "img_name": "000051", "width": 4608, "height": 3456, "position": [0.46369819733247153, -0.0036216549906067357, -0.5593556381492291], "rotation": [[-0.9998118934698147, 0.015756946036284362, 0.011309125868678797], [0.01914711293024627, 0.7088825860200222, 0.7050665694131314], [0.003092853494815874, 0.7051504788973595, -0.7090509406016496]], "fy": 2977.529052734375, "fx": 2977.529052734375}, {"id": 51, "img_name": "000052", "width": 4608, "height": 3456, "position": [0.46398645355025475, -0.003790910819495082, -0.5842700600013441], "rotation": [[-0.9997802876545069, 0.018892205941366164, 0.009080802395171571], [0.019797424136820726, 0.7087096591252869, 0.7052224337470174], [0.006887555082753915, 0.7052472641685246, -0.7089279638777082]], "fy": 2977.529052734375, "fx": 2977.529052734375}, {"id": 52, "img_name": "000053", "width": 4608, "height": 3456, "position": [0.4641967459411358, -0.003946914392353244, -0.6088977108539705], "rotation": [[-0.99973962153934, 0.022011809214186023, 0.00601409839418835], [0.019834855061328528, 0.7079858593329637, 0.7059480161522242], [0.011281296426953417, 0.7058834912644459, -0.7082381161101423]], "fy": 2977.529052734375, "fx": 2977.529052734375}, {"id": 53, "img_name": "000054", "width": 4608, "height": 3456, "position": [0.46452877675336257, -0.004252355816199376, -0.6341460049742587], "rotation": [[-0.9996723281508625, 0.02557987348826943, -0.0009520513421060299], [0.017406327258847762, 0.7065760781228164, 0.7074229750269194], [0.01876848690736059, 0.7071746007153421, -0.7067898046819184]], "fy": 2977.529052734375, "fx": 2977.529052734375}, {"id": 54, "img_name": "000055", "width": 4608, "height": 3456, "position": [0.4644127595850552, -0.0046186727114076506, -0.6599651915865546], "rotation": [[-0.999661799481294, 0.02585040460397431, -0.0028360605831033773], [0.016238510503787943, 0.7056734879345482, 0.7083510705878175], [0.020312494540025674, 0.7080654524887512, -0.70585460086158]], "fy": 2977.529052734375, "fx": 2977.529052734375}, {"id": 55, "img_name": "000056", "width": 4608, "height": 3456, "position": [0.4640624106625725, -0.004603488364379897, -0.6853064384327894], "rotation": [[-0.9997271866468953, 0.023173895603104948, 0.0029193906315294386], [0.01843885900221723, 0.7063066043332197, 0.7076658739503927], [0.014337390201128624, 0.7075266434826699, -0.7065412146537294]], "fy": 2977.529052734375, "fx": 2977.529052734375}, {"id": 56, "img_name": "000057", "width": 4608, "height": 3456, "position": [0.46464027693793136, -0.004121094126476076, -0.7099433620561787], "rotation": [[-0.9997297091565901, 0.02267936651827687, 0.005114192410196652], [0.01966105178520356, 0.7073414855468784, 0.7065985181607973], [0.012407726317838964, 0.7065080814531881, -0.7075961978197426]], "fy": 2977.529052734375, "fx": 2977.529052734375}, {"id": 57, "img_name": "000058", "width": 4608, "height": 3456, "position": [0.3982185730467464, -0.0005351986041225435, -0.7076479891251451], "rotation": [[0.9959940011543361, 0.07171289243078431, -0.053415453979040975], [-0.012136820424843512, 0.7002411889972542, 0.7138031765281565], [0.08859259142022757, -0.7102953880540985, 0.6983063901000235]], "fy": 2977.529052734375, "fx": 2977.529052734375}, {"id": 58, "img_name": "000059", "width": 4608, "height": 3456, "position": [0.3987524108794787, 0.0008571140053212178, -0.6833539597993885], "rotation": [[0.9990484344215276, 0.03820298643861568, -0.021041803797812696], [-0.011905320310327934, 0.7029985168460962, 0.7110916598164384], [0.041958181898208984, -0.7101645000556984, 0.7027843864461111]], "fy": 2977.529052734375, "fx": 2977.529052734375}, {"id": 59, "img_name": "000060", "width": 4608, "height": 3456, "position": [0.3991829000545407, 0.00039462852467347627, -0.658334496658402], "rotation": [[0.9990921690811071, 0.037015851078787666, -0.021087068305517813], [-0.01103345665940263, 0.7029377964671133, 0.7111657451903208], [0.04114730264493217, -0.7102874636841566, 0.7027080605900107]], "fy": 2977.529052734375, "fx": 2977.529052734375}, {"id": 60, "img_name": "000061", "width": 4608, "height": 3456, "position": [0.3990239033751183, 0.00021350888147713957, -0.6332242230336057], "rotation": [[0.998973023705637, 0.03915844816295429, -0.022792846375259312], [-0.011389547370010486, 0.7039303705312596, 0.7101776620356555], [0.04385403195970968, -0.7091887262084706, 0.7036534477281297]], "fy": 2977.529052734375, "fx": 2977.529052734375}, {"id": 61, "img_name": "000062", "width": 4608, "height": 3456, "position": [0.39935228064164124, 0.00018348251158411587, -0.6088048403939585], "rotation": [[0.9989704635820614, 0.03951623345682748, -0.022281835293051895], [-0.012007069883185688, 0.703960666768051, 0.7101374584658248], [0.04374749322488639, -0.7091388065371027, 0.7037103878014535]], "fy": 2977.529052734375, "fx": 2977.529052734375}, {"id": 62, "img_name": "000063", "width": 4608, "height": 3456, "position": [0.398736220960201, 0.00010145934823993506, -0.5846033069548379], "rotation": [[0.9990032776752655, 0.038910148731075074, -0.02187353468925381], [-0.011963596540707848, 0.7055056739784185, 0.7086032855851495], [0.043003762066678934, -0.7076353187270852, 0.7052679860436948]], "fy": 2977.529052734375, "fx": 2977.529052734375}, {"id": 63, "img_name": "000064", "width": 4608, "height": 3456, "position": [0.39869279195135643, 4.727393622702278e-06, -0.5599451977682044], "rotation": [[0.9989484760119167, 0.04020354030315859, -0.022036733436735005], [-0.012778575455409292, 0.705767945763069, 0.7083278299930817], [0.04403010654994847, -0.7073014082274048, 0.7055395578114172]], "fy": 2977.529052734375, "fx": 2977.529052734375}, {"id": 64, "img_name": "000065", "width": 4608, "height": 3456, "position": [0.39780342445653205, -0.0002315365743084326, -0.5352704276228073], "rotation": [[0.9988042324143522, 0.04314739835893714, -0.022987112172519017], [-0.014201618048716134, 0.7059855347563408, 0.7080838500909351], [0.04678054463102341, -0.7069106921879588, 0.7057541030092322]], "fy": 2977.529052734375, "fx": 2977.529052734375}, {"id": 65, "img_name": "000066", "width": 4608, "height": 3456, "position": [0.3969863052612535, -0.0004662622467950719, -0.5107373143324386], "rotation": [[0.9986163795926268, 0.04606989777856989, -0.025355293884840348], [-0.014609900030950885, 0.7062443304826124, 0.7078174174758998], [0.05051610862289503, -0.7064676285434733, 0.7059402330153461]], "fy": 2977.529052734375, "fx": 2977.529052734375}, {"id": 66, "img_name": "000067", "width": 4608, "height": 3456, "position": [0.39560631329558027, -0.0005465654862913242, -0.4864677568475776], "rotation": [[0.9985465855514162, 0.047175616815868085, -0.026061037232825414], [-0.014867886974929887, 0.7059037634696328, 0.7081516946645746], [0.051804077257577325, -0.7067349842037329, 0.7055791944792873]], "fy": 2977.529052734375, "fx": 2977.529052734375}, {"id": 67, "img_name": "000068", "width": 4608, "height": 3456, "position": [0.3946655497598298, -0.0009259069250801199, -0.46203300435818356], "rotation": [[0.9984932600066617, 0.04799741755465996, -0.026598075670105296], [-0.01506712645865423, 0.7058799665043302, 0.7081712042918186], [0.05276543775567444, -0.7067034178465033, 0.7055395720882867]], "fy": 2977.529052734375, "fx": 2977.529052734375}, {"id": 68, "img_name": "000069", "width": 4608, "height": 3456, "position": [0.39462708921776624, -0.0008750978413136252, -0.43761961254939785], "rotation": [[0.9985393678672663, 0.04684174028654442, -0.0269254932390879], [-0.013993304662875128, 0.7055632958396405, 0.7085087317658942], [0.052185421756005775, -0.7070970845158617, 0.7051881981608286]], "fy": 2977.529052734375, "fx": 2977.529052734375}, {"id": 69, "img_name": "000070", "width": 4608, "height": 3456, "position": [0.3936466216744723, -0.0009831754204423203, -0.41324271045055744], "rotation": [[0.9986475962972541, 0.04460397319562616, -0.026710746617806633], [-0.012596739100827472, 0.7060445329116452, 0.7080553931081962], [0.050441060394707075, -0.7067613480664746, 0.7056515402842376]], "fy": 2977.529052734375, "fx": 2977.529052734375}, {"id": 70, "img_name": "000071", "width": 4608, "height": 3456, "position": [0.3933603661540486, -0.0012640120659936768, -0.3887080627738034], "rotation": [[0.9987429979569968, 0.04353626337541539, -0.024839843058622888], [-0.013161095200061252, 0.7059528936843878, 0.7081364963562987], [0.04836537609701253, -0.7069194477944045, 0.7056384943617012]], "fy": 2977.529052734375, "fx": 2977.529052734375}, {"id": 71, "img_name": "000072", "width": 4608, "height": 3456, "position": [0.39275210346286477, -0.00129784743425519, -0.36385512217389915], "rotation": [[0.9987503179125211, 0.04216695830679571, -0.026828158654494703], [-0.010757700121232377, 0.7055966738369966, 0.708532007575006], [0.048806499134228236, -0.707357958531124, 0.7051685218052071]], "fy": 2977.529052734375, "fx": 2977.529052734375}, {"id": 72, "img_name": "000073", "width": 4608, "height": 3456, "position": [0.3924301224002646, -0.0013374525657138404, -0.3387564637059499], "rotation": [[0.9987587136500217, 0.04334248207792561, -0.024545084140794808], [-0.013230472639851375, 0.7059165770736507, 0.7081714063744362], [0.04802068826953802, -0.7069676198100909, 0.7056137739855811]], "fy": 2977.529052734375, "fx": 2977.529052734375}, {"id": 73, "img_name": "000074", "width": 4608, "height": 3456, "position": [0.39210041235473764, -0.0014850778260482253, -0.31350924828688453], "rotation": [[0.9987636100636393, 0.04233101540149232, -0.026064081563050113], [-0.011416622899056032, 0.7056091375882478, 0.7085092841124593], [0.04838297153159829, -0.707335726573349, 0.7052200067913026]], "fy": 2977.529052734375, "fx": 2977.529052734375}, {"id": 74, "img_name": "000075", "width": 4608, "height": 3456, "position": [0.39114231465990046, -0.0015791900414596064, -0.2885411391434887], "rotation": [[0.9987062443403828, 0.043710802102595134, -0.025984674234540057], [-0.012495694845513501, 0.7062799316595971, 0.707822375843857], [0.049291937736867394, -0.7065819300792107, 0.7059123748452653]], "fy": 2977.529052734375, "fx": 2977.529052734375}, {"id": 75, "img_name": "000076", "width": 4608, "height": 3456, "position": [0.39059950274841926, -0.002348772667168038, -0.2639397829215635], "rotation": [[0.9986032481548798, 0.046172124497742946, -0.02568438618866414], [-0.014489410590854524, 0.7068053306092533, 0.707259698839877], [0.05080954393864541, -0.7058996809332816, 0.706487105829284]], "fy": 2977.529052734375, "fx": 2977.529052734375}, {"id": 76, "img_name": "000077", "width": 4608, "height": 3456, "position": [0.3904927655450321, -0.0028112073180483164, -0.23884652891906047], "rotation": [[0.9987140742707956, 0.04457023059905385, -0.024159726773600176], [-0.014448588711814881, 0.7070200164504764, 0.7070459211554828], [0.04859461017093011, -0.7057876386581983, 0.7067548181509765]], "fy": 2977.529052734375, "fx": 2977.529052734375}, {"id": 77, "img_name": "000078", "width": 4608, "height": 3456, "position": [0.3901371269310132, -0.0026356213084468357, -0.21380300627083207], "rotation": [[0.9985732764391954, 0.04649107420011336, -0.0262676912044042], [-0.014267460225711669, 0.7063263045303696, 0.7077426022977419], [0.051457275094957386, -0.7063580760125783, 0.7059818817020805]], "fy": 2977.529052734375, "fx": 2977.529052734375}, {"id": 78, "img_name": "000079", "width": 4608, "height": 3456, "position": [0.3899303381421048, -0.003034581606099124, -0.1887355780512559], "rotation": [[0.998647945292948, 0.04599261702785422, -0.02422726854398685], [-0.015360355191477994, 0.7063249905232748, 0.7077210377335742], [0.049662267875772256, -0.7063920207230718, 0.7060764634288628]], "fy": 2977.529052734375, "fx": 2977.529052734375}, {"id": 79, "img_name": "000080", "width": 4608, "height": 3456, "position": [0.3896668562596364, -0.0027912129518322458, -0.1632418780230277], "rotation": [[0.9984930433251897, 0.04822320658758576, -0.026194747137773748], [-0.015527988158500107, 0.7060803614208851, 0.7079614430175571], [0.05263576744904888, -0.7064878240721232, 0.7057651382881464]], "fy": 2977.529052734375, "fx": 2977.529052734375}, {"id": 80, "img_name": "000081", "width": 4608, "height": 3456, "position": [0.3901341889959278, -0.0028174531367067004, -0.13855482842127612], "rotation": [[0.998503460237599, 0.04761460523718955, -0.026901473224498814], [-0.014632299436222232, 0.7065689702631058, 0.7074928876494397], [0.05269474078834194, -0.7060404659999602, 0.7062082728655962]], "fy": 2977.529052734375, "fx": 2977.529052734375}, {"id": 81, "img_name": "000082", "width": 4608, "height": 3456, "position": [0.3911519575774998, -0.003244020537575145, -0.11401389067325193], "rotation": [[0.9986293939994562, 0.04501848124359465, -0.02669587583877199], [-0.012948373294549648, 0.7067082315907309, 0.7073866093098788], [0.05071166600797106, -0.706071392812669, 0.7063225291481747]], "fy": 2977.529052734375, "fx": 2977.529052734375}, {"id": 82, "img_name": "000084", "width": 4608, "height": 3456, "position": [0.39197050813756934, -0.003592856441055341, -0.0646020642854948], "rotation": [[0.9989577260856004, 0.03927905562063768, -0.02325117810858666], [-0.011334437874448855, 0.7069003260672725, 0.7072223550794008], [0.04421529160773026, -0.7062216966332419, 0.7066087483130311]], "fy": 2977.529052734375, "fx": 2977.529052734375}, {"id": 83, "img_name": "000085", "width": 4608, "height": 3456, "position": [0.39186018061519357, -0.003818439950060495, -0.04012060666815504], "rotation": [[0.9988548566535551, 0.04099383710128274, -0.024667400741042324], [-0.011507054538274877, 0.7062998155126493, 0.7078192977749694], [0.0464388095827062, -0.7067248940899925, 0.7059627192975775]], "fy": 2977.529052734375, "fx": 2977.529052734375}, {"id": 84, "img_name": "000086", "width": 4608, "height": 3456, "position": [0.391859137171891, -0.00402403935088631, -0.015776185966724705], "rotation": [[0.9987574471220076, 0.04339337595445865, -0.02450666728882263], [-0.013333011599289615, 0.7064946127353936, 0.7075928158040888], [0.04801866949451262, -0.7063868466351428, 0.7061953202059864]], "fy": 2977.529052734375, "fx": 2977.529052734375}, {"id": 85, "img_name": "000087", "width": 4608, "height": 3456, "position": [0.39025881677355695, -0.0038179498789413114, 0.007972227802126381], "rotation": [[0.9985298553310532, 0.04655726230761988, -0.027758770487280166], [-0.013283379784824734, 0.7066740524888286, 0.7074145427968725], [0.05255168726157255, -0.706005810787302, 0.7062535771948528]], "fy": 2977.529052734375, "fx": 2977.529052734375}, {"id": 86, "img_name": "000088", "width": 4608, "height": 3456, "position": [0.38989342643469777, -0.003958123406494608, 0.0328116737949993], "rotation": [[0.9986742172318552, 0.04449897058173437, -0.025877585928895528], [-0.013143485118406089, 0.7064755949723316, 0.7076153492593504], [0.04977003752543967, -0.7063370833572707, 0.7061238333600277]], "fy": 2977.529052734375, "fx": 2977.529052734375}, {"id": 87, "img_name": "000089", "width": 4608, "height": 3456, "position": [0.38882777992229656, -0.00412303095527593, 0.05786416660522907], "rotation": [[0.9988332498338119, 0.04245783555346829, -0.023010241774923848], [-0.013723207068478238, 0.7063826369748122, 0.7076971412746179], [0.04630132410829604, -0.7065556612048521, 0.7061411225847088]], "fy": 2977.529052734375, "fx": 2977.529052734375}, {"id": 88, "img_name": "000090", "width": 4608, "height": 3456, "position": [0.38865585006151987, -0.005101980027180443, 0.0828243160103908], "rotation": [[0.9990191004721226, 0.03837253874783726, -0.022099438045269783], [-0.011473551428303854, 0.7063362359113315, 0.7077834975868211], [0.042769083570881494, -0.7068356740492499, 0.7060836603277614]], "fy": 2977.529052734375, "fx": 2977.529052734375}, {"id": 89, "img_name": "000091", "width": 4608, "height": 3456, "position": [0.38896221654382157, -0.005518936058579047, 0.10777632363148183], "rotation": [[0.9991405502682174, 0.03578091549138474, -0.020925747210611252], [-0.010497053046670767, 0.7067930336935899, 0.7073425050140472], [0.04009953474866515, -0.7065149210093232, 0.7065611747783275]], "fy": 2977.529052734375, "fx": 2977.529052734375}, {"id": 90, "img_name": "000092", "width": 4608, "height": 3456, "position": [0.38878268321417064, -0.005468429853110894, 0.1323370642093044], "rotation": [[0.9990106609263005, 0.03751015984118797, -0.02388906160327145], [-0.009625040805167382, 0.7068198120186736, 0.7073281501024726], [0.04341725400224249, -0.70639842953292, 0.7064815643796584]], "fy": 2977.529052734375, "fx": 2977.529052734375}, {"id": 91, "img_name": "000093", "width": 4608, "height": 3456, "position": [0.38868528056033663, -0.005750911116977792, 0.15715081084429228], "rotation": [[0.9989558372689868, 0.03852199338048257, -0.024561987138903178], [-0.009899493922658759, 0.707364169782, 0.7067799737745103], [0.04460084311190569, -0.7057988292244582, 0.7070069147180182]], "fy": 2977.529052734375, "fx": 2977.529052734375}, {"id": 92, "img_name": "000094", "width": 4608, "height": 3456, "position": [0.38834442651607315, -0.005920822558245181, 0.1810303324498954], "rotation": [[0.9988516395920713, 0.041226128950554594, -0.02440918630318167], [-0.011948548827417579, 0.7077310399976915, 0.7063809221692676], [0.046396489793409997, -0.7052780879309509, 0.7074109021066272]], "fy": 2977.529052734375, "fx": 2977.529052734375}, {"id": 93, "img_name": "000095", "width": 4608, "height": 3456, "position": [0.38816026036906026, -0.005818359411782189, 0.20499659404847195], "rotation": [[0.9986341274033392, 0.045007541018696307, -0.02653678271421703], [-0.013085503974906494, 0.7071573619461399, 0.7069350995891344], [0.050583091751037756, -0.7056222691332996, 0.7067804214408315]], "fy": 2977.529052734375, "fx": 2977.529052734375}, {"id": 94, "img_name": "000096", "width": 4608, "height": 3456, "position": [0.387906365774715, -0.0066102156053849705, 0.22951743220560702], "rotation": [[0.9985612331573507, 0.04622525170611358, -0.02717884728934398], [-0.013468865982420086, 0.7068092098638732, 0.7072759931602051], [0.05190427038711415, -0.7058923196609477, 0.7064148779288754]], "fy": 2977.529052734375, "fx": 2977.529052734375}, {"id": 95, "img_name": "000097", "width": 4608, "height": 3456, "position": [0.38833598332990027, -0.006584979967720163, 0.2535587139292496], "rotation": [[0.9986096569736933, 0.04614367796277093, -0.025485564207030922], [-0.014629559451119947, 0.7070770420690977, 0.7069851713926406], [0.0506431534281659, -0.7056293769131805, 0.706769024114645]], "fy": 2977.529052734375, "fx": 2977.529052734375}, {"id": 96, "img_name": "000098", "width": 4608, "height": 3456, "position": [0.3882463133638285, -0.0068932392249167135, 0.2784198290011522], "rotation": [[0.998636624013287, 0.045109735334001, -0.026267945436241613], [-0.013344647629735619, 0.7071066195585617, 0.7069810103221313], [0.050465964361965494, -0.7056665929137922, 0.7067445408961125]], "fy": 2977.529052734375, "fx": 2977.529052734375}, {"id": 97, "img_name": "000099", "width": 4608, "height": 3456, "position": [0.388258621344494, -0.007179240413376795, 0.30301604538946425], "rotation": [[0.9986257372966452, 0.04533729373913981, -0.02629004764436476], [-0.013494117349431262, 0.7071591396535759, 0.7069256396548184], [0.050641342850400284, -0.7055993771261602, 0.706799103984635]], "fy": 2977.529052734375, "fx": 2977.529052734375}, {"id": 98, "img_name": "000100", "width": 4608, "height": 3456, "position": [0.3875478745609775, -0.006885038578185058, 0.3267928899507409], "rotation": [[0.9987631433066294, 0.04234578655266195, -0.026057972551552965], [-0.011582525351534975, 0.7078155523119081, 0.7063023354144241], [0.048353166170811916, -0.7051269235156354, 0.7074305570546363]], "fy": 2977.529052734375, "fx": 2977.529052734375}, {"id": 99, "img_name": "000101", "width": 4608, "height": 3456, "position": [0.38645459582352537, -0.007135698138899684, 0.35057135169